Time (s)	Horizontal Distance (m)	Vertical Distance (m)
0.0	0.0	0.0
0.004422919877961832	0.05528649847452291	0.09566316945124323
0.008845839755923663	0.11057299694904582	0.19113462914406712
0.013268759633885494	0.16585949542356873	0.28641437907847167
0.017691679511847327	0.22114599389809164	0.38150241925445694
0.02211459938980916	0.2764324923726146	0.4763987496720229
0.02653751926777099	0.33171899084713746	0.5711033703311694
0.03096043914573282	0.38700548932166035	0.6656162812318968
0.035383359023694654	0.4422919877961833	0.7599374823742047
0.039806278901656486	0.4975784862707062	0.8540669737580934
0.04422919877961832	0.5528649847452292	0.9480047553835627
0.04865211865758015	0.6081514832197521	1.0417508272506126
0.05307503853554198	0.6634379816942749	1.1353051893592432
0.05749795841350381	0.7187244801687979	1.2286678417094545
0.06192087829146564	0.7740109786433207	1.3218387843012465
0.06634379816942748	0.8292974771178437	1.4148180171346192
0.07076671804738931	0.8845839755923666	1.5076055402095725
0.07518963792535113	0.9398704740668894	1.6002013535261064
0.07961255780331297	0.9951569725414124	1.6926054570842213
0.0840354776812748	1.0504434710159354	1.7848178508839165
0.08845839755923664	1.1057299694904583	1.8768385349251928
0.09288131743719846	1.161016467964981	1.968667509208049
0.0973042373151603	1.2163029664395042	2.060304773732487
0.10172715719312213	1.271589464914027	2.1517503284985047
0.10615007707108395	1.3268759633885499	2.2430041735061033
0.1105729969490458	1.3821624618630728	2.3340663087552826
0.11499591682700762	1.4374489603375957	2.424936734246043
0.11941883670496946	1.4927354588121187	2.515615449978384
0.12384175658293128	1.5480219572866414	2.606102455952305
0.12826467646089312	1.6033084557611645	2.6963977521678073
0.13268759633885496	1.6585949542356875	2.7865013386248902
0.13711051621681677	1.7138814527102102	2.876413215323553
0.14153343609477861	1.7691679511847331	2.966133382263798
0.14595635597274045	1.8244544496592563	3.0556618394456225
0.15037927585070227	1.8797409481337788	3.144998586869028
0.1548021957286641	1.935027446608302	3.234143624534014
0.15922511560662594	1.9903139450828249	3.323096952440581
0.16364803548458778	2.045600443557348	3.4118585705887288
0.1680709553625496	2.1008869420318708	3.5004284789784568
0.17249387524051144	2.1561734405063935	3.5888066776097656
0.17691679511847327	2.2114599389809166	3.6769931664826556
0.1813397149964351	2.2667464374554394	3.7649879455971256
0.18576263487439693	2.322032935929962	3.852791014953176
0.19018555475235877	2.3773194344044852	3.940402374550808
0.1946084746303206	2.4326059328790084	4.02782202439002
0.19903139450828242	2.487892431353531	4.115049964470813
0.20345431438624426	2.543178929828054	4.2020861947931865
0.2078772342642061	2.598465428302577	4.288930715357141
0.2123001541421679	2.6537519267770997	4.375583526162676
0.21672307402012975	2.7090384252516224	4.462044627209791
0.2211459938980916	2.7643249237261456	4.548314018498488
0.22556891377605343	2.8196114222006687	4.634391700028765
0.22999183365401524	2.8748979206751915	4.7202776718006225
0.23441475353197708	2.930184419149714	4.805971933814061
0.23883767340993892	2.9854709176242373	4.89147448606908
0.24326059328790076	3.0407574160987605	4.97678532856568
0.24768351316586257	3.0960439145732828	5.061904461303859
0.2521064330438244	3.151330413047806	5.146831884283621
0.25652935292178625	3.206616911522329	5.231567597504962
0.2609522727997481	3.261903409996852	5.3161116009678855
0.2653751926777099	3.317189908471375	5.400463894672388
0.2697981125556717	3.3724764069458972	5.484624478618471
0.27422103243363355	3.4277629054204204	5.568593352806135
0.2786439523115954	3.4830494038949436	5.652370517235381
0.28306687218955723	3.5383359023694663	5.735955971906207
0.28748979206751907	3.5936224008439894	5.819349716818613
0.2919127119454809	3.6489088993185126	5.9025517519726005
0.29633563182344275	3.7041953977930353	5.985562077368169
0.30075855170140453	3.7594818962675576	6.068380693005316
0.30518147157936637	3.8147683947420807	6.151007598884045
0.3096043914573282	3.870054893216604	6.233442795004355
0.31402731133529005	3.9253413916911266	6.315686281366245
0.3184502312132519	3.9806278901656498	6.397738057969717
0.32287315109121373	4.0359143886401725	6.4795981248147685
0.32729607096917557	4.091200887114696	6.561266481901402
0.33171899084713735	4.146487385589218	6.642743129229614
0.3361419107250992	4.2017738840637415	6.724028066799408
0.34056483060306103	4.257060382538264	6.805121294610783
0.34498775048102287	4.312346881012787	6.886022812663738
0.3494106703589847	4.36763337948731	6.966732620958274
0.35383359023694655	4.422919877961833	7.047250719494391
0.3582565101149084	4.478206376436356	7.127577108272088
0.3626794299928702	4.533492874910879	7.207711787291365
0.367102349870832	4.588779373385401	7.287654756552223
0.37152526974879385	4.644065871859924	7.367406016054662
0.3759481896267557	4.699352370334448	7.446965565798683
0.38037110950471753	4.7546388688089705	7.526333405784284
0.38479402938267937	4.809925367283493	7.605509536011465
0.3892169492606412	4.865211865758017	7.684493956480228
0.393639869138603	4.920498364232539	7.763286667190569
0.39806278901656483	4.975784862707062	7.841887668142493
0.4024857088945267	5.031071361181585	7.920296959335998
0.4069086287724885	5.086357859656108	7.9985145407710805
0.41133154865045035	5.141644358130631	8.076540412447747
0.4157544685284122	5.196930856605154	8.154374574365994
0.42017738840637403	5.252217355079677	8.23201702652582
0.4246003082843358	5.307503853554199	8.309467768927226
0.42902322816229765	5.362790352028722	8.386726801570214
0.4334461480402595	5.418076850503245	8.463794124454784
0.43786906791822133	5.473363348977768	8.540669737580933
0.4422919877961832	5.528649847452291	8.617353640948663
0.446714907674145	5.583936345926814	8.693845834557973
0.45113782755210685	5.6392228444013375	8.770146318408866
0.4555607474300687	5.69450934287586	8.846255092501337
0.4599836673080305	5.749795841350383	8.922172156835389
0.4644065871859923	5.805082339824906	8.997897511411024
0.46882950706395415	5.860368838299428	9.073431156228239
0.473252426941916	5.915655336773952	9.148773091287032
0.47767534681987783	5.970941835248475	9.223923316587408
0.4820982666978397	6.026228333722997	9.298881832129364
0.4865211865758015	6.081514832197521	9.3736486379129
0.4909441064537633	6.136801330672043	9.448223733938018
0.49536702633172514	6.1920878291465655	9.522607120204716
0.499789946209687	6.247374327621089	9.596798796712996
0.5042128660876488	6.302660826095612	9.670798763462855
0.5086357859656107	6.357947324570135	9.744607020454294
0.5130587058435725	6.413233823044658	9.818223567687316
0.5174816257215343	6.468520321519181	9.891648405161916
0.5219045455994962	6.523806819993704	9.964881532878099
0.526327465477458	6.579093318468227	10.037922950835863
0.5307503853554199	6.63437981694275	10.110772659035206
0.5351733052333816	6.689666315417272	10.183430657476128
0.5395962251113434	6.7449528138917945	10.255896946158634
0.5440191449893053	6.800239312366318	10.32817152508272
0.5484420648672671	6.855525810840841	10.400254394248385
0.5528649847452289	6.9108123093153635	10.472145553655633
0.5572879046231908	6.966098807789887	10.54384500330446
0.5617108245011526	7.02138530626441	10.615352743194869
0.5661337443791145	7.0766718047389325	10.686668773326858
0.5705566642570763	7.131958303213456	10.757793093700428
0.5749795841350381	7.187244801687979	10.828725704315577
0.579402504013	7.242531300162502	10.899466605172309
0.5838254238909618	7.297817798637025	10.970015796270621
0.5882483437689237	7.353104297111548	11.040373277610513
0.5926712636468855	7.408390795586071	11.110539049191987
0.5970941835248473	7.463677294060594	11.18051311101504
0.6015171034028091	7.518963792535115	11.250295463079674
0.6059400232807709	7.574250291009639	11.319886105385889
0.6103629431587327	7.6295367894841615	11.389285037933684
0.6147858630366946	7.684823287958684	11.45849226072306
0.6192087829146564	7.740109786433208	11.527507773754017
0.6236317027926183	7.7953962849077305	11.596331577026556
0.6280546226705801	7.850682783382253	11.664963670540674
0.6324775425485419	7.905969281856777	11.733404054296374
0.6369004624265038	7.9612557803312995	11.801652728293654
0.6413233823044656	8.016542278805822	11.869709692532513
0.6457463021824275	8.071828777280345	11.937574947012955
0.6501692220603893	8.127115275754868	12.005248491734976
0.6545921419383511	8.182401774229392	12.07273032669858
0.659015061816313	8.237688272703915	12.140020451903762
0.6634379816942747	8.292974771178436	12.207118867350523
0.6678609015722365	8.348261269652959	12.27402557303887
0.6722838214501984	8.403547768127483	12.340740568968794
0.6767067413281602	8.458834266602006	12.4072638551403
0.6811296612061221	8.514120765076528	12.473595431553388
0.6855525810840839	8.569407263551051	12.539735298208054
0.6899755009620457	8.624693762025574	12.605683455104302
0.6943984208400076	8.679980260500097	12.671439902242131
0.6988213407179694	8.73526675897462	12.73700463962154
0.7032442605959313	8.790553257449144	12.802377667242531
0.7076671804738931	8.845839755923667	12.867558985105102
0.7120901003518549	8.90112625439819	12.932548593209251
0.7165130202298168	8.956412752872712	12.997346491554984
0.7209359401077786	9.011699251347235	13.061952680142296
0.7253588599857403	9.066985749821757	13.126367158971188
0.7297817798637022	9.12227224829628	13.190589928041662
0.734204699741664	9.177558746770803	13.254620987353716
0.7386276196196259	9.232845245245326	13.318460336907354
0.7430505394975877	9.288131743719848	13.382107976702567
0.7474734593755495	9.343418242194373	13.445563906739366
0.7518963792535114	9.398704740668895	13.508828127017741
0.7563192991314732	9.453991239143418	13.571900637537702
0.7607422190094351	9.509277737617941	13.634781438299239
0.7651651388873969	9.564564236092464	13.697470529302358
0.7695880587653587	9.619850734566986	13.75996791054706
0.7740109786433206	9.67513723304151	13.82227358203334
0.7784338985212824	9.730423731516034	13.884387543761202
0.7828568183992443	9.785710229990556	13.946309795730643
0.787279738277206	9.840996728465077	14.008040337941665
0.7917026581551678	9.8962832269396	14.069579170394267
0.7961255780331297	9.951569725414124	14.130926293088454
0.8005484979110915	10.006856223888647	14.192081706024217
0.8049714177890533	10.06214272236317	14.253045409201565
0.8093943376670152	10.117429220837693	14.313817402620488
0.813817257544977	10.172715719312215	14.374397686280995
0.8182401774229389	10.228002217786738	14.434786260183083
0.8226630973009007	10.283288716261263	14.494983124326751
0.8270860171788625	10.338575214735785	14.554988278712
0.8315089370568244	10.393861713210308	14.614801723338829
0.8359318569347862	10.44914821168483	14.674423458207238
0.8403547768127481	10.504434710159353	14.733853483317231
0.8447776966907099	10.559721208633876	14.7930917986688
0.8492006165686716	10.615007707108399	14.852138404261954
0.8536235364466335	10.670294205582922	14.910993300096685
0.8580464563245953	10.725580704057444	14.969656486173001
0.8624693762025571	10.780867202531967	15.028127962490892
0.866892296080519	10.83615370100649	15.08640772905037
0.8713152159584808	10.891440199481014	15.144495785851424
0.8757381358364427	10.946726697955537	15.202392132894058
0.8801610557144045	11.00201319643006	15.260096770178277
0.8845839755923663	11.057299694904582	15.317609697704075
0.8890068954703282	11.112586193379105	15.374930915471454
0.89342981534829	11.167872691853628	15.432060423480412
0.8978527352262519	11.223159190328152	15.488998221730954
0.9022756551042137	11.278445688802675	15.545744310223071
0.9066985749821755	11.333732187277198	15.602298688956772
0.9111214948601374	11.38901868575172	15.658661357932056
0.9155444147380991	11.444305184226241	15.714832317148918
0.919967334616061	11.499591682700766	15.77081156660736
0.9243902544940228	11.554878181175289	15.82659910630738
0.9288131743719846	11.610164679649811	15.882194936248988
0.9332360942499465	11.665451178124334	15.937599056432171
0.9376590141279083	11.720737676598857	15.992811466856939
0.9420819340058701	11.77602417507338	16.047832167523282
0.946504853883832	11.831310673547904	16.10266115843121
0.9509277737617938	11.886597172022427	16.15729843958072
0.9553506936397557	11.94188367049695	16.211744010971806
0.9597736135177175	11.997170168971472	16.265997872604476
0.9641965333956793	12.052456667445995	16.320060024478728
0.9686194532736412	12.107743165920517	16.373930466594555
0.973042373151603	12.163029664395042	16.42760919895197
0.9774652930295648	12.218316162869563	16.48109622155096
0.9818882129075266	12.273602661344086	16.53439153439153
0.9863111327854884	12.328889159818608	16.58749513747368
0.9907340526634503	12.384175658293131	16.64040703079742
0.9951569725414121	12.439462156767656	16.693127214362733
0.999579892419374	12.494748655242178	16.745655688169627
1.004002812297336	12.550035153716703	16.797992452218104
1.0084257321752976	12.605321652191224	16.850137506508162
1.0128486520532594	12.660608150665746	16.902090851039794
1.0172715719312213	12.71589464914027	16.953852485813016
1.021694491809183	12.771181147614792	17.005422410827812
1.026117411687145	12.826467646089316	17.056800626084193
1.0305403315651067	12.881754144563837	17.10798713158215
1.0349632514430687	12.937040643038362	17.158981927321694
1.0393861713210304	12.992327141512884	17.209785013302813
1.0438090911989923	13.047613639987407	17.260396389525518
1.048232011076954	13.10290013846193	17.3108160559898
1.052654930954916	13.158186636936454	17.361044012695665
1.0570778508328778	13.213473135410975	17.411080259643104
1.0615007707108397	13.2687596338855	17.46092479683213
1.0659236905888014	13.324046132360023	17.510577624262734
1.0703466104667632	13.379332630834543	17.560038741934918
1.074769530344725	13.434619129309068	17.609308149848687
1.0791924502226868	13.489905627783589	17.658385848004034
1.0836153701006488	13.545192126258113	17.707271836400963
1.0880382899786105	13.600478624732636	17.75596611503947
1.0924612098565725	13.655765123207159	17.80446868391956
1.0968841297345342	13.711051621681682	17.85277954304123
1.1013070496124961	13.766338120156206	17.900898692404482
1.1057299694904579	13.821624618630727	17.94882613200931
1.1101528893684198	13.876911117105251	17.996561861855724
1.1145758092463816	13.932197615579774	18.044105881943715
1.1189987291243435	13.987484114054297	18.09145819227329
1.1234216490023052	14.04277061252882	18.138618792844444
1.1278445688802672	14.098057111003344	18.18558768365718
1.132267488758229	14.153343609477865	18.232364864711496
1.1366904086361906	14.208630107952388	18.27895033600739
1.1411133285141526	14.263916606426912	18.325344097544868
1.1455362483921143	14.319203104901433	18.371546149323922
1.1499591682700763	14.374489603375958	18.41755649134456
1.154382088148038	14.429776101850479	18.46337512360678
1.158805008026	14.485062600325003	18.50900204611058
1.1632279279039617	14.540349098799526	18.55443725885596
1.1676508477819236	14.59563559727405	18.59968076184292
1.1720737676598854	14.650922095748571	18.644732555071464
1.1764966875378473	14.706208594223096	18.689592638541583
1.180919607415809	14.761495092697617	18.734261012253288
1.185342527293771	14.816781591172141	18.778737676206575
1.1897654471717327	14.872068089646664	18.823022630401432
1.1941883670496947	14.927354588121188	18.867115874837882
1.1986112869276564	14.98264108659571	18.911017409515903
1.2030342068056181	15.03792758507023	18.95472723443551
1.20745712668358	15.093214083544755	18.998245349596697
1.2118800465615418	15.148500582019278	19.041571754999463
1.2163029664395038	15.203787080493802	19.084706450643814
1.2207258863174655	15.259073578968323	19.127649436529744
1.2251488061954274	15.314360077442847	19.170400712657255
1.2295717260733892	15.369646575917368	19.212960279026344
1.233994645951351	15.424933074391893	19.255328135637015
1.2384175658293128	15.480219572866416	19.297504282489264
1.2428404857072748	15.53550607134094	19.339488719583095
1.2472634055852365	15.590792569815461	19.381281446918507
1.2516863254631985	15.646079068289986	19.4228824644955
1.2561092453411602	15.701365566764506	19.464291772314077
1.260532165219122	15.75665206523903	19.50550937037423
1.2649550850970839	15.811938563713554	19.546535258675966
1.2693780049750456	15.867225062188075	19.587369437219284
1.2738009248530076	15.922511560662599	19.628011906004183
1.2782238447309693	15.97779805913712	19.668462665030656
1.2826467646089312	16.033084557611645	19.708721714298715
1.287069684486893	16.088371056086167	19.748789053808352
1.291492604364855	16.14365755456069	19.788664683559574
1.2959155242428166	16.198944053035213	19.828348603552374
1.3003384441207786	16.254230551509735	19.867840813786756
1.3047613639987403	16.309517049984258	19.907141314262716
1.3091842838767023	16.364803548458784	19.946250104980262
1.313607203754664	16.420090046933304	19.985167185939385
1.318030123632626	16.47537654540783	20.023892557140087
1.3224530435105877	16.53066304388235	20.062426218582374
1.3268759633885494	16.58594954235687	20.100768170266235
1.3312988832665114	16.641236040831398	20.13891841219168
1.335721803144473	16.696522539305917	20.176876944358707
1.340144723022435	16.751809037780443	20.214643766767317
1.3445676429003968	16.807095536254966	20.252218879417505
1.3489905627783587	16.86238203472949	20.28960228230927
1.3534134826563204	16.91766853320401	20.32679397544262
1.3578364025342824	16.972955031678534	20.363793958817553
1.3622593224122441	17.028241530153057	20.40060223243406
1.366682242290206	17.08352802862758	20.437218796292154
1.3711051621681678	17.138814527102102	20.47364365039182
1.3755280820461298	17.194101025576625	20.509876794733074
1.3799510019240915	17.249387524051148	20.54591822931591
1.3843739218020532	17.30467402252567	20.58176795414032
1.3887968416800152	17.359960521000193	20.617425969206316
1.3932197615579769	17.415247019474716	20.652892274513892
1.3976426814359388	17.47053351794924	20.68816687006305
1.4020656013139006	17.52582001642376	20.723249755853786
1.4064885211918625	17.581106514898288	20.758140931886103
1.4109114410698242	17.636393013372807	20.792840398159996
1.4153343609477862	17.691679511847333	20.827348154675484
1.419757280825748	17.746966010321856	20.861664201432536
1.4241802007037099	17.80225250879638	20.895788538431177
1.4286031205816716	17.8575390072709	20.929721165671396
1.4330260404596336	17.912825505745424	20.9634620831532
1.4374489603375953	17.968112004219947	20.99701129087658
1.4418718802155572	18.02339850269447	21.030368788841542
1.446294800093519	18.078685001168992	21.063534577048088
1.4507177199714807	18.133971499643515	21.096508655496212
1.4551406398494426	18.189257998118038	21.129291024185918
1.4595635597274044	18.24454449659256	21.1618816831172
1.4639864796053663	18.299830995067083	21.194280632290067
1.468409399483328	18.355117493541606	21.226487871704514
1.47283231936129	18.410403992016132	21.25850340136054
1.4772552392392517	18.46569049049065	21.29032722125815
1.4816781591172137	18.520976988965177	21.321959331397338
1.4861010789951754	18.576263487439697	21.353399731778104
1.4905239988731374	18.631549985914223	21.384648422400453
1.494946918751099	18.686836484388746	21.41570540326439
1.499369838629061	18.74212298286327	21.4465706743699
1.5037927585070228	18.79740948133779	21.477244235716988
1.5082156783849847	18.852695979812314	21.507726087305663
1.5126385982629464	18.907982478286836	21.53801622913592
1.5170615181409082	18.96326897676136	21.56811466120775
1.5214844380188701	19.018555475235882	21.598021383521164
1.5259073578968319	19.073841973710405	21.62773639607616
1.5303302777747938	19.129128472184927	21.657259698872735
1.5347531976527555	19.18441497065945	21.686591291910894
1.5391761175307175	19.239701469133973	21.715731175190633
1.5435990374086792	19.294987967608495	21.744679348711948
1.5480219572866412	19.35027446608302	21.773435812474847
1.5524448771646029	19.40556096455754	21.80200056647933
1.5568677970425648	19.460847463032067	21.83037361072539
1.5612907169205266	19.516133961506586	21.85855494521303
1.5657136367984885	19.571420459981113	21.886544569942252
1.5701365566764502	19.626706958455635	21.914342484913057
1.574559476554412	19.681993456930154	21.941948690125436
1.578982396432374	19.73727995540468	21.9693631855794
1.5834053163103357	19.7925664538792	21.99658597127494
1.5878282361882976	19.847852952353726	22.023617047212063
1.5922511560662593	19.90313945082825	22.050456413390773
1.5966740759442213	19.95842594930277	22.07710406981106
1.601096995822183	20.013712447777294	22.103560016472926
1.605519915700145	20.068998946251817	22.129824253376373
1.6099428355781067	20.12428544472634	22.155896780521406
1.6143657554560686	20.179571943200862	22.181777597908017
1.6187886753340304	20.234858441675385	22.2074667055362
1.6232115952119923	20.29014494014991	22.23296410340597
1.627634515089954	20.34543143862443	22.25826979151732
1.632057434967916	20.400717937098957	22.283383769870248
1.6364803548458777	20.456004435573476	22.308306038464764
1.6409032747238395	20.511290934048	22.333036597300854
1.6453261946018014	20.566577432522525	22.357575446378533
1.6497491144797631	20.621863930997044	22.381922585697787
1.654172034357725	20.67715042947157	22.406078015258622
1.6585949542356868	20.73243692794609	22.430041735061035
1.6630178741136488	20.787723426420616	22.453813745105034
1.6674407939916105	20.84300992489514	22.477394045390604
1.6718637138695724	20.89829642336966	22.500782635917766
1.6762866337475342	20.953582921844184	22.52397951668651
1.6807095536254961	21.008869420318707	22.546984687696828
1.6851324735034579	21.06415591879323	22.56979814894872
1.6895553933814198	21.119442417267752	22.592419900442202
1.6939783132593815	21.174728915742275	22.614849942177266
1.6984012331373433	21.230015414216798	22.63708827415391
1.7028241530153052	21.28530191269132	22.65913489637213
1.707247072893267	21.340588411165843	22.68098980883193
1.7116699927712289	21.395874909640366	22.702653011533314
1.7160929126491906	21.45116140811489	22.724124504476283
1.7205158325271526	21.506447906589415	22.745404287660826
1.7249387524051143	21.561734405063934	22.76649236108695
1.7293616722830762	21.61702090353846	22.787388724754656
1.733784592161038	21.67230740201298	22.808093378663948
1.738207512039	21.727593900487506	22.828606322814814
1.7426304319169617	21.78288039896203	22.84892755720726
1.7470533517949236	21.83816689743655	22.86905708184129
1.7514762716728853	21.893453395911074	22.888994896716895
1.7558991915508473	21.948739894385596	22.908741001834095
1.760322111428809	22.00402639286012	22.928295397192862
1.7647450313067707	22.059312891334642	22.94765808279321
1.7691679511847327	22.114599389809165	22.966829058635145
1.7735908710626944	22.169885888283687	22.98580832471866
1.7780137909406564	22.22517238675821	23.004595881043755
1.782436710818618	22.280458885232733	23.023191727610428
1.78685963069658	22.335745383707255	23.04159586441868
1.7912825505745418	22.391031882181778	23.059808291468517
1.7957054704525037	22.446318380656304	23.07782900875994
1.8001283903304655	22.501604879130824	23.095658016292933
1.8045513102084274	22.55689137760535	23.11329531406751
1.8089742300863891	22.61217787607987	23.130740902083666
1.813397149964351	22.667464374554395	23.147994780341406
1.8178200698423128	22.722750873028918	23.165056948840732
1.8222429897202748	22.77803737150344	23.181927407581632
1.8266659095982365	22.833323869977963	23.19860615656411
1.8310888294761982	22.888610368452483	23.215093195788175
1.8355117493541602	22.94389686692701	23.23138852525382
1.839934669232122	22.99918336540153	23.24749214496104
1.8443575891100839	23.054469863876054	23.263404054909845
1.8487805089880456	23.109756362350577	23.279124255100225
1.8532034288660075	23.1650428608251	23.29465274553219
1.8576263487439693	23.220329359299622	23.30998952620574
1.8620492686219312	23.275615857774145	23.32513459712087
1.866472188499893	23.330902356248668	23.34008795827757
1.8708951083778549	23.386188854723194	23.35484960967586
1.8753180282558166	23.441475353197713	23.369419551315733
1.8797409481337786	23.49676185167224	23.38379778319718
1.8841638680117403	23.55204835014676	23.397984305320207
1.888586787889702	23.60733484862128	23.411979117684815
1.893009707767664	23.662621347095808	23.42578222029101
1.8974326276456257	23.717907845570327	23.439393613138783
1.9018555475235877	23.773194344044853	23.452813296228136
1.9062784674015494	23.828480842519372	23.466041269559067
1.9107013872795113	23.8837673409939	23.479077533131584
1.915124307157473	23.93905383946842	23.49192208694568
1.919547227035435	23.994340337942944	23.504574931001354
1.9239701469133967	24.049626836417467	23.51703606529861
1.9283930667913587	24.10491333489199	23.529305489837448
1.9328159866693204	24.160199833366512	23.541383204617862
1.9372389065472824	24.215486331841035	23.553269209639858
1.941661826425244	24.270772830315558	23.564963504903442
1.946084746303206	24.326059328790084	23.5764660904086
1.9505076661811678	24.381345827264603	23.58777696615534
1.9549305860591295	24.436632325739126	23.598896132143665
1.9593535059370915	24.49191882421365	23.609823588373565
1.9637764258150532	24.54720532268817	23.620559334845048
1.9681993456930151	24.602491821162698	23.63110337155811
1.9726222655709769	24.657778319637217	23.641455698512747
1.9770451854489388	24.713064818111743	23.65161631570898
1.9814681053269005	24.768351316586262	23.661585223146783
1.9858910252048625	24.82363781506079	23.671362420826167
1.9903139450828242	24.87892431353531	23.680947908747132
1.9947368649607862	24.934210812009834	23.69034168690968
1.999159784838748	24.989497310484357	23.699543755313808
2.0035827047167096	25.04478380895888	23.708554113959515
2.008005624594672	25.100070307433406	23.717372762846807
2.0124285444726335	25.155356805907925	23.725999701975674
2.0168514643505953	25.210643304382447	23.73443493134613
2.021274384228557	25.26592980285697	23.742678450958156
2.0256973041065187	25.321216301331493	23.750730260811764
2.030120223984481	25.37650279980602	23.75859036090696
2.0345431438624426	25.43178929828054	23.766258751243733
2.0389660637404043	25.48707579675506	23.77373543182209
2.043388983618366	25.542362295229584	23.78102040264202
2.0478119034963282	25.59764879370411	23.788113663703538
2.05223482337429	25.652935292178633	23.795015215006632
2.0566577432522517	25.708221790653152	23.80172505655131
2.0610806631302134	25.763508289127675	23.808243188337563
2.0655035830081756	25.8187947876022	23.814569610365403
2.0699265028861373	25.874081286076724	23.82070432263482
2.074349422764099	25.929367784551246	23.826647325145817
2.078772342642061	25.98465428302577	23.8323986178984
2.0831952625200225	26.039940781500288	23.83795820089256
2.0876181823979847	26.095227279974814	23.843326074128303
2.0920411022759464	26.150513778449337	23.848502237605622
2.096464022153908	26.20580027692386	23.85348669132453
2.10088694203187	26.261086775398383	23.85827943528501
2.105309861909832	26.31637327387291	23.862880469487077
2.1097327817877938	26.371659772347428	23.867289793930716
2.1141557016657555	26.42694627082195	23.87150740861594
2.1185786215437172	26.482232769296473	23.87553331354275
2.1230015414216794	26.537519267771	23.879367508711134
2.127424461299641	26.592805766245522	23.883009994121103
2.131847381177603	26.648092264720045	23.88646076977265
2.1362703010555646	26.703378763194564	23.88971983566578
2.1406932209335263	26.758665261669087	23.892787191800487
2.1451161408114885	26.813951760143613	23.89566283817678
2.14953906068945	26.869238258618136	23.89834677479465
2.153961980567412	26.92452475709266	23.900839001654095
2.1583849004453737	26.979811255567178	23.903139518755133
2.162807820323336	27.035097754041704	23.905248326097748
2.1672307402012976	27.090384252516227	23.90716542368194
2.1716536600792593	27.14567075099075	23.90889081150771
2.176076579957221	27.200957249465272	23.910424489575067
2.180499499835183	27.2562437479398	23.911766457884
2.184922419713145	27.311530246414318	23.912916716434516
2.1893453395911067	27.36681674488884	23.913875265226615
2.1937682594690684	27.422103243363363	23.914642104260288
2.1981911793470306	27.47738974183789	23.915217233535547
2.2026140992249923	27.532676240312412	23.91560065305239
2.207037019102954	27.587962738786935	23.91579236281081
2.2114599389809158	27.643249237261454	23.915792362810805
2.2158828588588775	27.698535735735977	23.91560065305239
2.2203057787368397	27.753822234210503	23.915217233535547
2.2247286986148014	27.809108732685026	23.91464210426029
2.229151618492763	27.86439523115955	23.913875265226615
2.233574538370725	27.919681729634068	23.912916716434513
2.237997458248687	27.974968228108594	23.911766457884
2.2424203781266487	28.030254726583117	23.910424489575067
2.2468432980046105	28.08554122505764	23.90889081150771
2.251266217882572	28.140827723532162	23.907165423681935
2.2556891377605344	28.19611422200669	23.905248326097745
2.260112057638496	28.25140072048121	23.90313951875513
2.264534977516458	28.30668721895573	23.900839001654102
2.2689578973944196	28.361973717430253	23.89834677479465
2.2733808172723813	28.417260215904776	23.895662838176783
2.2778037371503435	28.472546714379302	23.892787191800487
2.282226657028305	28.527833212853825	23.889719835665783
2.286649576906267	28.583119711328344	23.88646076977265
2.2910724967842286	28.638406209802866	23.883009994121103
2.295495416662191	28.693692708277393	23.879367508711137
2.2999183365401525	28.748979206751915	23.875533313542743
2.3043412564181143	28.804265705226438	23.871507408615944
2.308764176296076	28.859552203700957	23.867289793930716
2.313187096174038	28.914838702175487	23.862880469487074
2.317610016052	28.970125200650006	23.858279435285006
2.3220329359299616	29.02541169912453	23.853486691324527
2.3264558558079234	29.08069819759905	23.848502237605622
2.330878775685885	29.13598469607357	23.8433260741283
2.3353016955638473	29.1912711945481	23.837958200892558
2.339724615441809	29.24655769302262	23.8323986178984
2.3441475353197707	29.301844191497143	23.82664732514582
2.3485704551977324	29.357130689971665	23.820704322634818
2.3529933750756946	29.41241718844619	23.814569610365403
2.3574162949536563	29.467703686920714	23.808243188337567
2.361839214831618	29.522990185395233	23.80172505655131
2.36626213470958	29.578276683869756	23.795015215006632
2.370685054587542	29.633563182344282	23.78811366370354
2.3751079744655037	29.688849680818805	23.78102040264202
2.3795308943434654	29.744136179293328	23.773735431822086
2.383953814221427	29.799422677767847	23.766258751243733
2.3883767340993893	29.854709176242377	23.75859036090696
2.392799653977351	29.909995674716896	23.750730260811768
2.397222573855313	29.96528217319142	23.742678450958156
2.4016454937332745	30.02056867166594	23.73443493134613
2.4060684136112362	30.07585517014046	23.725999701975674
2.4104913334891984	30.13114166861499	23.717372762846807
2.41491425336716	30.18642816708951	23.708554113959515
2.419337173245122	30.241714665564032	23.699543755313805
2.4237600931230836	30.297001164038555	23.69034168690968
2.4281830130010458	30.35228766251308	23.680947908747136
2.4326059328790075	30.407574160987604	23.671362420826167
2.4370288527569692	30.462860659462123	23.661585223146783
2.441451772634931	30.518147157936646	23.651616315708978
2.445874692512893	30.573433656411172	23.64145569851275
2.450297612390855	30.628720154885695	23.631103371558112
2.4547205322688166	30.684006653360218	23.620559334845044
2.4591434521467783	30.739293151834737	23.60982358837357
2.46356637202474	30.79457965030926	23.598896132143665
2.467989291902702	30.849866148783786	23.587776966155346
2.472412211780664	30.90515264725831	23.5764660904086
2.4768351316586257	30.96043914573283	23.56496350490344
2.4812580515365874	31.01572564420735	23.553269209639865
2.4856809714145496	31.07101214268188	23.541383204617865
2.4901038912925113	31.1262986411564	23.529305489837448
2.494526811170473	31.181585139630922	23.517036065298612
2.4989497310484348	31.236871638105445	23.504574931001358
2.503372650926397	31.29215813657997	23.491922086945678
2.5077955708043587	31.347444635054494	23.47907753313159
2.5122184906823204	31.402731133529013	23.46604126955907
2.516641410560282	31.458017632003536	23.452813296228136
2.521064330438244	31.51330413047806	23.439393613138787
2.525487250316206	31.568590628952585	23.42578222029101
2.5299101701941678	31.623877127427107	23.411979117684822
2.5343330900721295	31.679163625901626	23.397984305320207
2.538756009950091	31.73445012437615	23.383797783197185
2.5431789298280534	31.789736622850675	23.36941955131573
2.547601849706015	31.845023121325198	23.354849609675863
2.552024769583977	31.90030961979972	23.340087958277575
2.5564476894619386	31.95559611827424	23.325134597120865
2.5608706093399007	32.010882616748766	23.30998952620574
2.5652935292178625	32.06616911522329	23.29465274553219
2.569716449095824	32.12145561369781	23.27912425510023
2.574139368973786	32.176742112172334	23.26340405490984
2.578562288851748	32.23202861064686	23.247492144961043
2.58298520872971	32.28731510912138	23.231388525253813
2.5874081286076716	32.3426016075959	23.215093195788178
2.5918310484856333	32.397888106070425	23.19860615656411
2.596253968363595	32.45317460454495	23.181927407581632
2.600676888241557	32.50846110301947	23.16505694884073
2.605099808119519	32.56374760149399	23.147994780341413
2.6095227279974806	32.619034099968516	23.130740902083673
2.6139456478754424	32.67432059844304	23.113295314067514
2.6183685677534045	32.72960709691757	23.095658016292937
2.6227914876313663	32.784893595392084	23.077829008759934
2.627214407509328	32.84018009386661	23.059808291468528
2.6316373273872897	32.89546659234113	23.04159586441869
2.636060247265252	32.95075309081566	23.02319172761043
2.6404831671432136	33.00603958929018	23.004595881043755
2.6449060870211754	33.0613260877647	22.98580832471867
2.649329006899137	33.11661258623922	22.96682905863515
2.653751926777099	33.17189908471374	22.947658082793218
2.658174846655061	33.22718558318827	22.928295397192862
2.6625977665330227	33.282472081662796	22.908741001834088
2.6670206864109844	33.33775858013731	22.888994896716902
2.671443606288946	33.393045078611834	22.86905708184129
2.6758665261669083	33.448331577086364	22.84892755720726
2.68028944604487	33.50361807556089	22.828606322814814
2.684712365922832	33.55890457403541	22.808093378663948
2.6891352858007935	33.61419107250993	22.787388724754663
2.6935582056787557	33.669477570984455	22.766492361086954
2.6979811255567174	33.72476406945898	22.745404287660826
2.702404045434679	33.7800505679335	22.72412450447628
2.706826965312641	33.83533706640802	22.70265301153332
2.7112498851906026	33.890623564882546	22.68098980883194
2.715672805068565	33.94591006335707	22.65913489637213
2.7200957249465265	34.00119656183159	22.63708827415391
2.7245186448244882	34.056483060306114	22.614849942177273
2.72894156470245	34.11176955878064	22.59241990044221
2.733364484580412	34.16705605725516	22.569798148948728
2.737787404458374	34.22234255572968	22.546984687696828
2.7422103243363356	34.277629054204205	22.523979516686502
2.7466332442142973	34.33291555267873	22.500782635917773
2.7510561640922595	34.38820205115325	22.47739404539061
2.7554790839702212	34.44348854962777	22.453813745105037
2.759902003848183	34.498775048102296	22.43004173506104
2.7643249237261447	34.55406154657682	22.40607801525863
2.7687478436041064	34.60934804505134	22.381922585697787
2.7731707634820686	34.664634543525864	22.357575446378533
2.7775936833600303	34.71992104200039	22.33303659730086
2.782016603237992	34.77520754047491	22.308306038464764
2.7864395231159538	34.83049403894943	22.283383769870255
2.790862442993916	34.88578053742396	22.25826979151733
2.7952853628718777	34.94106703589848	22.232964103405976
2.7997082827498394	34.996353534373	22.207466705536206
2.804131202627801	35.05164003284752	22.181777597908017
2.8085541225057633	35.10692653132205	22.155896780521402
2.812977042383725	35.162213029796575	22.129824253376377
2.8173999622616868	35.2174995282711	22.103560016472926
2.8218228821396485	35.272786026745614	22.077104069811057
2.8262458020176107	35.32807252522014	22.050456413390776
2.8306687218955724	35.383359023694666	22.023617047212078
2.835091641773534	35.43864552216919	21.996585971274946
2.839514561651496	35.49393202064371	21.969363185579397
2.8439374815294576	35.54921851911823	21.941948690125443
2.8483604014074198	35.60450501759276	21.91434248491305
2.8527833212853815	35.65979151606728	21.88654456994226
2.857206241163343	35.7150780145418	21.85855494521303
2.861629161041305	35.770364513016325	21.83037361072539
2.866052080919267	35.82565101149085	21.80200056647933
2.870475000797229	35.88093750996537	21.773435812474858
2.8748979206751906	35.93622400843989	21.744679348711948
2.8793208405531523	35.991510506914416	21.715731175190633
2.8837437604311145	36.04679700538894	21.686591291910894
2.888166680309076	36.10208350386346	21.657259698872735
2.892589600187038	36.157370002337984	21.62773639607616
2.8970125200649997	36.21265650081251	21.598021383521164
2.9014354399429614	36.26794299928703	21.56811466120776
2.9058583598209236	36.32322949776155	21.53801622913592
2.9102812796988853	36.378515996236075	21.507726087305663
2.914704199576847	36.4338024947106	21.477244235716995
2.9191271194548087	36.48908899318512	21.4465706743699
2.923550039332771	36.54437549165964	21.41570540326439
2.9279729592107326	36.599661990134166	21.384648422400453
2.9323958790886944	36.65494848860869	21.35339973177811
2.936818798966656	36.71023498708321	21.321959331397338
2.9412417188446183	36.76552148555774	21.290327221258146
2.94566463872258	36.820807984032264	21.258503401360535
2.9500875586005417	36.87609448250678	21.22648787170452
2.9545104784785035	36.9313809809813	21.194280632290074
2.958933398356465	36.986667479455825	21.1618816831172
2.9633563182344274	37.041953977930355	21.129291024185918
2.967779238112389	37.09724047640488	21.09650865549621
2.972202157990351	37.15252697487939	21.063534577048088
2.9766250778683125	37.207813473353916	21.030368788841557
2.9810479977462747	37.263099971828446	20.99701129087658
2.9854709176242364	37.31838647030297	20.963462083153203
2.989893837502198	37.37367296877749	20.92972116567141
2.99431675738016	37.42895946725201	20.895788538431177
2.998739677258122	37.48424596572654	20.861664201432546
3.003162597136084	37.53953246420106	20.827348154675477
3.0075855170140455	37.59481896267558	20.792840398159996
3.0120084368920073	37.650105461150105	20.758140931886096
3.0164313567699694	37.70539195962463	20.72324975585378
3.020854276647931	37.76067845809915	20.68816687006305
3.025277196525893	37.81596495657367	20.652892274513903
3.0297001164038546	37.871251455048196	20.617425969206323
3.0341230362818163	37.92653795352272	20.581767954140325
3.0385459561597785	37.98182445199724	20.545918229315916
3.0429688760377402	38.037110950471764	20.50987679473308
3.047391795915702	38.092397448946286	20.47364365039182
3.0518147157936637	38.14768394742081	20.43721879629215
3.056237635671626	38.20297044589533	20.400602232434053
3.0606605555495876	38.258256944369855	20.363793958817546
3.0650834754275493	38.31354344284438	20.326793975442627
3.069506395305511	38.3688299413189	20.289602282309275
3.0739293151834732	38.42411643979343	20.252218879417512
3.078352235061435	38.479402938267945	20.214643766767317
3.0827751549393967	38.53468943674247	20.17687694435871
3.0871980748173584	38.58997593521699	20.13891841219168
3.09162099469532	38.645262433691514	20.100768170266235
3.0960439145732823	38.70054893216604	20.062426218582374
3.100466834451244	38.75583543064056	20.02389255714008
3.1048897543292058	38.81112192911508	19.98516718593939
3.1093126742071675	38.866408427589604	19.946250104980273
3.1137355940851297	38.921694926064134	19.907141314262724
3.1181585139630914	38.97698142453866	19.867840813786763
3.122581433841053	39.03226792301317	19.828348603552378
3.127004353719015	39.087554421487695	19.78866468355958
3.131427273596977	39.142840919962225	19.74878905380836
3.1358501934749388	39.19812741843675	19.70872171429871
3.1402731133529005	39.25341391691127	19.668462665030674
3.144696033230862	39.308700415385786	19.628011906004183
3.149118953108824	39.36398691386031	19.587369437219294
3.153541872986786	39.41927341233484	19.546535258675974
3.157964792864748	39.47455991080936	19.50550937037424
3.1623877127427096	39.529846409283884	19.464291772314077
3.1668106326206713	39.5851329077584	19.42288246449551
3.1712335524986335	39.64041940623293	19.381281446918507
3.175656472376595	39.69570590470745	19.339488719583095
3.180079392254557	39.750992403181975	19.297504282489278
3.1845023121325187	39.8062789016565	19.255328135637015
3.188925232010481	39.86156540013102	19.212960279026355
3.1933481518884426	39.91685189860554	19.170400712657255
3.1977710717664043	39.972138397080066	19.12764943652975
3.202193991644366	40.02742489555459	19.08470645064382
3.206616911522328	40.08271139402911	19.041571754999467
3.21103983140029	40.137997892503634	18.9982453495967
3.2154627512782517	40.19328439097816	18.95472723443551
3.2198856711562134	40.24857088945268	18.91101740951592
3.224308591034175	40.3038573879272	18.867115874837893
3.2287315109121373	40.359143886401725	18.823022630401447
3.233154430790099	40.41443038487625	18.778737676206575
3.2375773506680607	40.46971688335077	18.73426101225329
3.2420002705460225	40.52500338182529	18.689592638541583
3.2464231904239846	40.58028988029982	18.644732555071464
3.2508461103019464	40.63557637877434	18.59968076184292
3.255269030179908	40.69086287724886	18.554437258855963
3.25969195005787	40.746149375723384	18.509002046110588
3.264114869935832	40.801435874197914	18.463375123606774
3.2685377898137937	40.85672237267244	18.417556491344577
3.2729607096917555	40.91200887114695	18.371546149323926
3.277383629569717	40.967295369621475	18.32534409754488
3.281806549447679	41.022581868096	18.27895033600739
3.286229469325641	41.07786836657053	18.232364864711492
3.290652389203603	41.13315486504505	18.185587683657182
3.2950753090815645	41.188441363519566	18.138618792844447
3.2994982289595263	41.24372786199409	18.0914581922733
3.3039211488374884	41.29901436046862	18.044105881943715
3.30834406871545	41.35430085894314	17.99656186185573
3.312766988593412	41.409587357417664	17.948826132009316
3.3171899084713736	41.46487385589218	17.900898692404482
3.321612828349336	41.52016035436671	17.852779543041237
3.3260357482272975	41.57544685284123	17.804468683919566
3.3304586681052593	41.630733351315754	17.75596611503947
3.334881587983221	41.68601984979028	17.707271836400956
3.3393045078611827	41.74130634826479	17.658385848004045
3.343727427739145	41.79659284673932	17.609308149848687
3.3481503476171066	41.851879345213845	17.56003874193493
3.3525732674950683	41.90716584368837	17.510577624262744
3.35699618737303	41.96245234216289	17.46092479683214
3.3614191072509922	42.01773884063741	17.411080259643107
3.365842027128954	42.073025339111936	17.361044012695658
3.3702649470069157	42.12831183758646	17.310816055989797
3.3746878668848774	42.18359833606098	17.260396389525518
3.3791107867628396	42.238884834535504	17.209785013302813
3.3835337066408013	42.29417133301003	17.15898192732169
3.387956626518763	42.34945783148455	17.107987131582156
3.392379546396725	42.40474432995907	17.056800626084197
3.3968024662746865	42.460030828433595	17.005422410827826
3.4012253861526487	42.51531732690812	16.953852485813023
3.4056483060306104	42.57060382538264	16.9020908510398
3.410071225908572	42.62589032385716	16.850137506508162
3.414494145786534	42.681176822331686	16.797992452218104
3.418917065664496	42.736463320806216	16.745655688169627
3.4233399855424578	42.79174981928073	16.693127214362733
3.4277629054204195	42.847036317755254	16.640407030797427
3.4321858252983812	42.90232281622978	16.587495137473695
3.4366087451763434	42.95760931470431	16.53439153439154
3.441031665054305	43.01289581317883	16.481096221550963
3.445454584932267	43.068182311653345	16.427609198951977
3.4498775048102286	43.12346881012787	16.373930466594558
3.4543004246881908	43.1787553086024	16.320060024478728
3.4587233445661525	43.23404180707692	16.265997872604473
3.463146264444114	43.28932830555144	16.211744010971806
3.467569184322076	43.34461480402596	16.157298439580728
3.4719921042000377	43.39990130250048	16.102661158431218
3.476415024078	43.45518780097501	16.04783216752329
3.4808379439559616	43.510474299449534	15.99281146685695
3.4852608638339233	43.56576079792406	15.937599056432177
3.489683783711885	43.62104729639857	15.882194936248986
3.494106703589847	43.6763337948731	15.826599106307384
3.498529623467809	43.731620293347625	15.770811566607357
3.5029525433457707	43.78690679182215	15.714832317148911
3.5073754632237324	43.84219329029667	15.658661357932068
3.5117983831016946	43.89747978877119	15.602298688956779
3.5162213029796563	43.952766287245716	15.545744310223078
3.520644222857618	44.00805278572024	15.48899822173096
3.5250671427355798	44.06333928419476	15.432060423480415
3.5294900626135415	44.118625782669284	15.37493091547146
3.5339129824915037	44.17391228114381	15.317609697704071
3.5383359023694654	44.22919877961833	15.26009677017828
3.542758822247427	44.28448527809285	15.202392132894055
3.547181742125389	44.339771776567375	15.14449578585144
3.551604662003351	44.3950582750419	15.086407729050379
3.5560275818813127	44.45034477351642	15.028127962490899
3.5604505017592745	44.50563127199094	14.969656486173008
3.564873421637236	44.560917770465466	14.910993300096692
3.5692963415151984	44.616204268939995	14.852138404261957
3.57371926139316	44.67149076741451	14.793091798668797
3.578142181271122	44.726777265889034	14.733853483317233
3.5825651011490836	44.782063764363556	14.674423458207244
3.5869880210270453	44.83735026283808	14.614801723338843
3.5914109409050075	44.89263676131261	14.55498827871201
3.595833860782969	44.947923259787125	14.494983124326765
3.600256780660931	45.00320975826165	14.434786260183088
3.6046797005388926	45.05849625673617	14.374397686281
3.609102620416855	45.1137827552107	14.313817402620487
3.6135255402948165	45.16906925368522	14.253045409201562
3.6179484601727783	45.22435575215974	14.192081706024211
3.62237138005074	45.27964225063426	14.130926293088464
3.626794299928702	45.33492874910879	14.069579170394263
3.631217219806664	45.39021524758331	14.00804033794168
3.6356401396846256	45.445501746057836	13.946309795730656
3.6400630595625874	45.50078824453235	13.884387543761207
3.6444859794405495	45.55607474300688	13.822273582033347
3.6489088993185113	45.611361241481404	13.759967910547061
3.653331819196473	45.66664773995593	13.697470529302365
3.6577547390744347	45.72193423843045	13.634781438299242
3.6621776589523964	45.777220736904965	13.57190063753771
3.6666005788303586	45.832507235379495	13.508828127017736
3.6710234987083203	45.88779373385402	13.44556390673938
3.675446418586282	45.94308023232854	13.382107976702585
3.679869338464244	45.99836673080306	13.318460336907364
3.684292258342206	46.053653229277586	13.254620987353718
3.6887151782201677	46.10893972775211	13.190589928041675
3.6931380980981294	46.16422622622663	13.126367158971192
3.697561017976091	46.219512724701154	13.061952680142298
3.7019839378540533	46.27479922317568	12.997346491554978
3.706406857732015	46.3300857216502	12.932548593209248
3.710829777609977	46.38537222012472	12.867558985105106
3.7152526974879385	46.440658718599245	12.802377667242538
3.7196756173659002	46.49594521707377	12.737004639621546
3.7240985372438624	46.55123171554829	12.671439902242142
3.728521457121824	46.60651821402281	12.605683455104298
3.732944376999786	46.661804712497336	12.539735298208058
3.7373672968777476	46.71709121097186	12.473595431553392
3.7417902167557098	46.77237770944639	12.4072638551403
3.7462131366336715	46.827664207920904	12.340740568968798
3.7506360565116332	46.88295070639543	12.274025573038884
3.755058976389595	46.93823720486995	12.20711886735053
3.759481896267557	46.99352370334448	12.140020451903766
3.763904816145519	47.048810201819	12.072730326698576
3.7683277360234806	47.10409670029352	12.005248491734974
3.7727506559014423	47.15938319876804	11.937574947012962
3.777173575779404	47.21466969724256	11.86970969253251
3.781596495657366	47.26995619571709	11.80165272829366
3.786019415535328	47.325242694191616	11.733404054296372
3.7904423354132897	47.38052919266613	11.664963670540686
3.7948652552912514	47.435815691140654	11.596331577026561
3.7992881751692136	47.491102189615184	11.527507773754024
3.8037110950471753	47.546388688089706	11.458492260723062
3.808134014925137	47.60167518656423	11.38928503793369
3.8125569348030988	47.656961685038745	11.31988610538589
3.816979854681061	47.712248183513275	11.250295463079667
3.8214027745590227	47.7675346819878	11.180513111015046
3.8258256944369844	47.82282118046232	11.110539049191985
3.830248614314946	47.87810767893684	11.040373277610527
3.8346715341929083	47.933394177411365	10.970015796270616
3.83909445407087	47.98868067588589	10.899466605172307
3.8435173739488318	48.04396717436041	10.828725704315588
3.8479402938267935	48.099253672834934	10.757793093700428
3.852363213704755	48.154540171309456	10.686668773326858
3.8567861335827174	48.20982666978398	10.615352743194876
3.861209053460679	48.2651131682585	10.543845003304469
3.865631973338641	48.320399666733024	10.472145553655636
3.8700548932166026	48.37568616520755	10.400254394248407
3.8744778130945647	48.43097266368207	10.328171525082709
3.8789007329725265	48.48625916215659	10.255896946158643
3.883323652850488	48.541545660631115	10.183430657476137
3.88774657272845	48.59683215910564	10.110772659035206
3.892169492606412	48.65211865758017	10.037922950835863
3.896592412484374	48.70740515605468	9.964881532878096
3.9010153323623356	48.762691654529206	9.891648405161916
3.9054382522402973	48.81797815300373	9.818223567687312
3.909861172118259	48.87326465147825	9.74460702045431
3.914284091996221	48.92855114995278	9.670798763462841
3.918707011874183	48.9838376484273	9.596798796713003
3.9231299317521446	49.03912414690182	9.522607120204725
3.9275528516301064	49.09441064537634	9.448223733938036
3.9319757715080685	49.14969714385087	9.373648637912908
3.9363986913860303	49.204983642325395	9.298881832129368
3.940821611263992	49.26027014079991	9.223923316587403
3.9452445311419537	49.31555663927443	9.148773091287026
3.949667451019916	49.37084313774896	9.073431156228224
3.9540903708978776	49.426129636223486	8.99789751141104
3.9585132907758394	49.48141613469801	8.922172156835401
3.962936210653801	49.536702633172524	8.846255092501352
3.967359130531763	49.59198913164705	8.770146318408877
3.971782050409725	49.64727563012158	8.693845834557976
3.9762049702876867	49.7025621285961	8.617353640948664
3.9806278901656484	49.75784862707062	8.540669737580942
3.98505081004361	49.81313512554514	8.463794124454779
3.9894737299215723	49.86842162401967	8.38672680157022
3.993896649799534	49.92370812249419	8.309467768927234
3.998319569677496	49.97899462096871	8.232017026525824
4.002742489555458	50.034281119443236	8.154374574366003
4.007165409433419	50.08956761791776	8.076540412447756
4.011588329311381	50.14485411639228	7.998514540771083
4.016011249189344	50.20014061486681	7.9202969593359995
4.020434169067305	50.25542711334133	7.8418876681424905
4.024857088945267	50.31071361181585	7.76328666719057
4.029280008823228	50.36600011029037	7.684493956480253
4.0337029287011905	50.421286608764895	7.605509536011482
4.038125848579153	50.476573107239425	7.5263334057842854
4.042548768457114	50.53185960571394	7.446965565798692
4.046971688335076	50.58714610418846	7.367406016054673
4.051394608213037	50.642432602662986	7.287654756552229
4.055817528091	50.69771910113751	7.207711787291373
4.060240447968962	50.75300559961204	7.127577108272092
4.064663367846923	50.808292098086554	7.0472507194944
4.069086287724885	50.86357859656108	6.9667326209582825
4.073509207602847	50.918865095035606	6.886022812663725
4.077932127480809	50.97415159351012	6.8051212946107995
4.082355047358771	51.02943809198465	6.72402806679942
4.086777967236732	51.08472459045917	6.642743129229629
4.091200887114694	51.14001108893369	6.561266481901413
4.0956238069926565	51.19529758740822	6.479598124814771
4.100046726870618	51.250584085882736	6.397738057969718
4.10446964674858	51.305870584357265	6.315686281366254
4.108892566626541	51.36115708283178	6.233442795004379
4.113315486504503	51.416443581306304	6.15100759888405
4.117738406382466	51.47173007978083	6.068380693005324
4.122161326260427	51.52701657825535	5.985562077368172
4.126584246138389	51.58230307672988	5.902551751972609
4.131007166016351	51.6375895752044	5.819349716818607
4.1354300858943125	51.692876073678924	5.735955971906222
4.139853005772275	51.74816257215345	5.652370517235383
4.144275925650236	51.80344907062796	5.568593352806161
4.148698845528198	51.85873556910249	5.484624478618471
4.15312176540616	51.914022067577015	5.400463894672384
4.157544685284122	51.96930856605154	5.316111600967886
4.161967605162084	52.02459506452606	5.231567597504977
4.166390525040045	52.079881563000576	5.1468318842836425
4.170813444918007	52.135168061475106	5.061904461303868
4.175236364795969	52.19045455994963	4.976785328565683
4.179659284673931	52.24574105842415	4.891474486069086
4.184082204551893	52.301027556898674	4.805971933814064
4.188505124429855	52.356314055373204	4.720277671800616
4.192928044307816	52.41160055384772	4.634391700028786
4.1973509641857785	52.46688705232224	4.548314018498488
4.20177388406374	52.522173550796765	4.462044627209806
4.206196803941702	52.57746004927129	4.375583526162686
4.210619723819664	52.63274654774582	4.288930715357154
4.215042643697625	52.68803304622033	4.202086194793196
4.2194655635755876	52.743319544694856	4.115049964470813
4.223888483453549	52.79860604316938	4.027822024390034
4.228311403331511	52.8538925416439	3.940402374550814
4.232734323209473	52.90917904011843	3.8527910149531834
4.2371572430874345	52.96446553859295	3.7649879455971416
4.241580162965397	53.01975203706747	3.67699316648266
4.246003082843359	53.075038535542	3.5888066776097673
4.25042600272132	53.130325034016515	3.5004284789784634
4.254848922599282	53.185611532491045	3.411858570588734
4.2592718424772436	53.24089803096556	3.3230969524405793
4.263694762355206	53.29618452944009	3.2341436245340276
4.268117682233168	53.35147102791461	3.144998586869022
4.272540602111129	53.40675752638913	3.0556618394456336
4.276963521989091	53.46204402486366	2.9661333822638056
4.281386441867053	53.517330523338174	2.8764132153235664
4.285809361745015	53.572617021812704	2.786501338624902
4.290232281622977	53.62790352028723	2.6963977521678117
4.294655201500938	53.68319001876174	2.6061024559523247
4.2990781213789	53.73847651723627	2.515615449978398
4.303501041256863	53.793763015710795	2.424936734246046
4.307923961134824	53.84904951418532	2.3340663087552826
4.312346881012786	53.90433601265984	2.243004173506108
4.316769800890747	53.959622511134356	2.1517503284985224
4.3211927207687095	54.014909009608886	2.0603047737325113
4.325615640646672	54.07019550808341	1.9686675092080606
4.330038560524633	54.12548200655793	1.8768385349251986
4.334461480402595	54.180768505032454	1.7848178508839254
4.338884400280557	54.23605500350698	1.6926054570842268
4.343307320158519	54.2913415019815	1.600201353526117
4.347730240036481	54.34662800045602	1.5076055402095676
4.352153159914442	54.401914498930545	1.4148180171346354
4.356576079792404	54.45720099740507	1.3218387843012493
4.360998999670366	54.5124874958796	1.228667841709452
4.365421919548328	54.56777399435411	1.1353051893592578
4.36984483942629	54.623060492828635	1.0417508272506097
4.374267759304251	54.67834699130316	0.9480047553835789
4.378690679182213	54.73363348977768	0.8540669737581084
4.3831135990601755	54.78891998825221	0.7599374823741982
4.387536518938137	54.844206486726726	0.6656162812319053
4.391959438816099	54.899492985201256	0.5711033703311728
4.396382358694061	54.95477948367578	0.4763987496720148
4.400805278572022	55.010065982150294	0.38150241925447403
4.405228198449985	55.065352480624824	0.28641437907847944
4.409651118327946	55.12063897909934	0.19113462914407364
4.414074038205908	55.17592547757387	0.09566316945125664
4.41849695808387	55.23121197604839	0.0
